1000 5000
439 613 14
116 801 66
434 688 29
319 925 88
847 672 25
86 64 10
367 439 17
452 284 63
403 522 56
189 156 33
345 948 97
95 841 35
20 250 35
146 324 79
529 718 2
96 413 89
341 137 90
627 356 64
984 136 45
423 805 19
965 801 64
883 700 13
668 349 6
41 286 45
480 605 25
687 377 19
722 935 13
937 501 98
978 606 72
641 783 36
27 219 36
373 541 45
405 36 46
103 619 25
854 745 31
965 46 16
521 709 94
23 942 86
413 373 92
259 906 23
593 521 61
75 735 0
749 308 91
715 227 81
551 152 34
41 271 23
781 710 36
469 499 87
810 943 91
95 205 26
468 508 15
516 99 59
839 54 73
339 890 25
685 52 93
425 394 80
224 774 78
183 716 59
405 810 78
402 526 64
55 179 5
197 456 84
922 428 42
691 261 13
500 109 88
727 117 69
201 752 87
102 86 2
716 58 34
173 831 7
913 961 18
5 605 71
995 192 33
276 351 35
678 838 58
725 393 51
2 318 43
532 954 87
512 982 26
876 41 58
402 313 5
651 573 95
252 2 58
436 799 60
362 510 82
799 342 84
786 742 32
308 499 54
531 512 41
456 386 15
602 667 30
449 97 32
915 588 80
293 547 58
974 515 15
930 94 88
611 878 79
136 256 70
40 876 25
493 507 4
592 379 0
80 498 2
854 437 85
752 726 66
345 646 3
140 444 33
157 607 87
878 852 62
361 671 0
442 796 68
964 665 84
669 432 73
576 721 56
214 532 20
894 872 40
999 760 91
440 341 3
654 237 1
142 244 22
319 910 86
336 621 93
700 249 90
607 673 22
119 180 54
678 725 84
569 323 55
178 966 8
748 737 61
14 532 63
616 361 77
400 136 46
58 260 89
185 248 76
973 593 46
688 289 59
604 38 17
515 1 67
187 219 60
376 571 33
480 741 60
633 560 63
687 549 72
60 276 29
853 765 42
661 910 22
885 671 89
734 279 29
508 168 73
569 383 11
412 67 60
19 308 8
170 957 28
195 223 66
10 425 89
669 156 4
408 897 8
89 562 11
851 129 18
647 707 9
829 978 47
180 71 57
841 891 8
484 32 11
66 997 46
500 610 45
580 88 57
719 758 56
116 805 87
199 892 65
421 736 46
624 964 51
406 860 3
451 881 33
174 575 96
134 615 34
408 126 40
299 210 34
522 694 40
197 595 28
927 369 2
477 723 2
604 789 86
777 773 14
810 831 53
411 788 46
822 196 85
249 547 43
873 552 69
650 778 41
577 543 24
551 513 94
65 184 44
24 518 9
327 269 61
893 808 54
994 59 17
923 716 82
272 985 43
253 140 17
267 568 63
219 385 58
566 606 62
253 899 9
88 476 78
312 148 19
146 903 13
291 904 38
239 434 28
70 436 86
37 930 9
523 838 89
340 344 90
497 326 16
789 631 58
34 705 16
79 136 44
569 325 16
351 690 2
819 578 37
431 605 65
555 448 94
279 567 7
829 237 47
821 509 1
750 451 46
43 242 51
477 798 76
2 264 87
306 621 54
787 219 42
472 116 34
367 779 4
621 330 87
147 71 5
982 314 22
619 127 70
766 753 37
661 942 84
164 650 81
545 324 73
906 205 36
161 608 58
569 611 39
567 748 11
944 336 31
329 913 41
646 824 30
163 18 47
591 905 21
657 445 47
690 286 55
28 146 92
667 784 87
324 39 88
774 387 69
454 60 48
70 894 21
907 639 9
327 864 91
153 598 97
985 154 67
21 830 43
905 22 42
248 702 64
22 938 56
581 701 63
270 664 40
415 817 85
970 450 34
240 614 15
572 118 75
272 980 93
270 606 68
146 793 11
568 809 97
749 721 8
955 572 74
70 594 42
18 458 64
447 230 11
811 949 68
824 553 64
816 742 58
821 800 29
609 732 30
109 907 52
164 780 45
655 609 85
440 54 54
982 442 52
740 240 18
507 615 54
685 15 57
469 424 94
785 953 34
601 18 82
465 538 72
930 818 55
446 587 15
461 630 90
985 167 2
602 136 0
940 433 25
39 607 70
237 193 47
639 97 25
269 552 36
377 401 43
377 142 1
886 278 61
207 297 60
454 305 30
582 15 60
51 761 2
452 457 89
644 510 70
86 571 56
300 698 63
904 779 3
701 365 95
891 902 96
177 564 54
687 264 37
477 916 19
509 860 38
318 90 70
661 872 83
157 570 63
397 172 16
483 374 64
300 810 79
422 786 61
314 261 79
505 2 17
376 63 63
475 386 2
623 289 30
720 550 29
950 729 57
88 93 47
675 751 24
985 481 91
451 628 72
100 985 64
441 747 36
499 119 92
803 234 53
615 764 56
803 652 16
935 907 28
284 107 86
444 806 27
917 897 55
685 81 85
413 968 81
38 722 38
228 477 39
387 904 57
529 800 79
469 386 95
363 79 1
105 251 98
248 209 84
860 303 22
699 657 78
99 870 17
565 260 22
178 283 61
723 348 16
562 685 9
954 38 66
324 639 95
361 218 67
658 380 9
765 61 82
66 566 21
128 820 17
618 744 16
911 558 27
959 570 2
477 447 43
714 551 27
648 730 42
937 472 85
102 741 77
498 928 70
197 930 40
892 731 93
558 350 21
286 494 28
47 625 88
244 334 23
139 502 58
792 753 75
193 490 21
533 14 67
905 735 30
694 387 28
45 658 5
54 164 76
132 738 97
319 32 0
141 892 39
715 768 79
277 200 35
394 880 74
103 46 38
486 566 9
572 745 94
270 674 76
157 31 48
398 273 51
485 700 14
937 831 40
456 645 50
941 391 99
316 805 45
681 802 90
549 178 60
461 905 19
72 964 67
513 300 84
717 143 83
114 976 48
918 238 99
878 931 37
80 30 23
107 764 64
321 24 52
83 528 12
385 966 29
626 781 94
405 192 81
812 501 71
473 725 18
877 604 38
532 252 82
64 47 55
726 350 66
587 997 9
919 751 75
449 545 71
23 33 3
401 516 35
415 273 47
930 474 89
427 110 29
315 770 90
494 720 69
50 259 80
3 840 19
797 838 93
192 642 86
754 533 52
420 219 97
425 244 93
872 268 84
623 53 9
903 641 41
359 559 82
988 37 65
695 134 83
646 383 12
160 441 3
388 754 81
278 609 91
847 40 84
465 36 86
748 933 69
284 293 69
745 769 52
641 485 24
765 542 53
827 282 34
763 674 1
220 439 90
267 922 78
537 919 63
981 277 0
404 317 43
415 557 37
902 861 93
884 160 30
625 716 4
648 714 38
523 55 52
125 604 11
854 6 64
264 877 53
768 508 69
164 542 45
850 113 59
802 950 32
11 884 35
703 330 38
75 5 9
669 760 19
768 26 35
184 264 92
170 903 94
24 451 83
226 454 46
315 421 89
217 534 77
40 890 21
602 612 82
580 317 4
345 743 10
331 360 58
971 249 25
793 103 13
100 415 1
685 485 18
656 156 9
1 667 57
814 783 92
426 694 6
176 307 92
128 663 25
954 326 3
619 352 41
866 368 64
826 705 15
255 164 15
767 407 50
413 392 29
149 416 96
637 181 53
392 332 11
385 93 21
117 534 5
540 904 74
163 956 22
242 687 42
902 67 65
78 300 67
221 778 73
480 619 65
986 929 50
787 826 46
717 589 0
592 419 41
798 484 71
512 912 80
31 250 75
108 996 98
844 144 1
682 752 54
594 178 24
511 287 9
927 944 55
812 181 89
281 604 19
926 63 6
352 783 32
228 271 20
284 819 79
954 923 70
95 908 70
515 656 2
533 882 84
650 405 26
124 237 33
573 857 45
64 16 99
977 158 5
447 241 93
225 213 32
932 573 48
164 185 80
900 555 29
560 819 93
77 706 3
628 705 47
487 5 45
120 553 38
338 217 52
270 121 67
296 476 57
908 341 22
268 676 12
886 810 13
144 268 39
33 595 80
458 772 20
160 917 16
622 420 57
704 699 16
967 54 99
113 592 1
485 520 84
304 69 28
424 347 56
825 64 41
414 655 12
615 622 50
712 222 70
994 907 81
392 581 42
201 135 79
89 826 77
994 68 64
533 164 24
950 367 94
994 121 90
719 527 7
720 26 88
988 924 32
627 436 1
135 53 28
814 61 60
468 312 55
441 122 82
231 53 40
887 397 72
939 998 57
117 470 46
241 844 15
33 723 15
848 712 50
796 723 59
349 863 54
460 744 19
27 302 94
131 37 73
528 471 86
629 259 42
608 141 55
960 152 56
408 779 38
899 710 25
786 305 27
759 637 44
695 636 88
5 16 64
696 885 27
917 171 93
163 676 31
465 818 4
115 454 86
911 537 40
222 286 88
634 255 81
373 123 94
324 921 4
249 952 33
829 937 98
626 5 48
784 374 79
77 490 53
802 519 33
521 252 93
667 264 9
328 475 70
967 827 87
963 880 21
624 561 47
106 242 57
327 369 74
521 196 74
49 544 9
709 590 68
93 418 81
896 902 84
74 696 28
457 635 81
357 918 39
979 669 5
388 356 55
767 414 91
620 443 50
632 26 97
537 510 38
97 268 78
745 141 62
880 250 38
257 626 55
867 930 51
801 121 82
55 148 92
727 682 7
41 928 89
337 777 30
699 414 49
558 241 87
367 306 21
384 437 60
209 297 63
163 170 77
127 597 46
762 5 24
72 519 20
4 500 82
769 284 59
207 962 96
246 706 88
942 964 6
140 567 31
992 550 3
619 385 79
928 32 76
619 495 39
392 763 61
512 258 68
296 627 99
353 986 71
450 582 18
188 626 41
454 325 12
982 425 5
795 655 2
846 592 62
810 773 30
705 492 51
316 844 81
291 518 5
280 155 57
807 873 49
817 162 98
711 262 58
312 875 33
140 956 29
979 452 83
981 869 2
796 563 8
749 478 90
230 284 15
589 321 38
949 142 35
451 268 41
193 527 67
524 569 19
722 720 44
168 151 83
230 392 8
59 611 51
296 955 65
681 359 25
723 472 13
985 139 49
805 585 61
100 383 36
62 786 70
479 905 88
502 452 78
432 441 54
733 966 62
302 243 75
555 908 13
891 343 14
115 405 54
690 552 50
124 882 50
998 414 97
344 924 72
341 861 49
80 23 66
438 475 91
498 566 69
323 244 24
240 147 37
752 611 18
50 216 95
144 217 1
645 837 91
592 742 20
193 932 88
745 76 85
629 861 90
207 521 55
670 719 36
787 819 5
782 312 9
753 483 99
513 402 18
11 469 62
956 879 68
171 645 21
911 337 34
754 344 55
564 562 22
89 988 84
646 640 79
624 119 38
73 508 77
271 67 2
356 644 75
804 439 33
95 394 27
311 141 46
474 547 78
457 174 67
620 70 24
565 341 43
244 281 21
10 158 10
777 819 18
866 875 56
5 533 78
980 903 35
79 449 42
885 417 24
140 220 40
402 414 53
296 691 89
120 599 98
283 834 24
102 648 67
663 545 3
827 253 23
15 997 49
189 263 33
391 980 95
789 962 99
519 348 29
36 362 83
36 807 37
134 825 1
511 422 61
354 688 64
35 843 98
64 656 67
353 333 93
543 649 49
477 98 43
960 456 85
309 220 70
2 49 60
954 397 61
955 439 8
419 868 11
873 442 97
325 724 37
467 113 47
393 298 51
158 927 58
453 732 76
162 953 29
222 268 89
100 495 88
582 23 27
508 531 18
972 453 82
465 321 93
266 686 85
931 468 26
991 943 55
588 415 42
673 892 25
330 680 41
546 375 78
371 225 9
150 724 39
292 483 88
768 277 43
895 949 37
335 364 41
590 661 66
900 598 98
123 477 20
80 328 57
763 365 4
671 137 37
294 411 68
206 977 17
147 967 52
975 551 42
709 748 47
107 346 89
418 409 14
741 858 1
845 158 90
292 101 59
108 838 35
812 939 89
154 139 85
335 778 34
79 945 41
179 203 60
577 223 80
986 373 29
639 372 37
596 41 79
539 881 43
383 723 97
847 452 23
727 794 54
682 33 79
589 546 81
75 853 66
132 404 14
755 763 26
274 661 72
818 936 74
849 464 55
851 862 74
365 433 45
472 649 29
118 985 18
807 938 73
197 226 81
253 180 41
584 666 1
406 653 20
151 947 79
983 731 20
890 974 33
176 789 35
443 696 14
99 368 76
959 87 14
167 777 97
156 423 50
66 685 49
758 466 44
903 493 4
857 817 7
432 692 48
128 144 3
9 393 30
243 716 59
611 447 41
244 120 39
706 736 61
552 338 23
343 314 57
301 733 68
767 156 54
476 723 26
573 518 68
8 763 66
175 364 57
71 282 48
999 562 98
825 203 86
655 209 33
252 713 39
409 676 75
105 406 29
965 867 55
784 947 91
556 685 48
674 193 62
75 696 93
679 949 0
830 435 87
50 990 68
853 972 21
410 942 87
158 200 96
110 114 80
176 500 4
536 603 1
321 789 10
728 158 40
954 274 28
632 701 88
451 222 19
337 84 61
810 809 16
142 564 73
791 406 13
867 670 42
904 294 65
811 440 30
777 789 79
133 473 6
173 190 84
247 402 36
323 187 3
80 183 49
577 493 47
318 872 17
801 829 17
588 370 33
780 285 86
123 469 11
31 635 29
451 435 74
446 218 62
89 638 53
334 284 27
819 423 73
874 922 93
822 913 28
579 174 62
169 34 54
850 930 94
138 953 58
30 821 74
514 115 43
522 823 97
634 649 71
653 238 79
654 630 88
651 122 97
477 387 7
477 99 50
798 104 69
865 328 36
16 913 36
807 887 30
409 837 20
192 913 95
960 707 0
161 432 39
995 910 85
122 571 80
617 190 62
462 629 96
901 539 48
879 555 21
548 89 47
211 790 32
328 899 46
702 423 67
413 26 22
417 281 61
635 808 24
202 579 75
515 770 88
568 185 43
362 431 22
381 233 42
995 938 3
923 794 8
899 346 45
714 759 15
489 53 47
597 296 71
469 550 69
7 450 57
669 688 14
905 846 23
97 955 94
514 552 84
173 60 55
338 716 71
301 57 25
440 830 94
592 99 14
348 560 29
886 696 21
34 15 91
451 882 68
183 783 47
740 251 31
175 693 74
897 90 10
593 937 60
184 160 21
667 581 54
933 459 39
838 839 69
398 159 15
562 214 80
774 866 76
134 855 44
930 484 6
87 929 89
509 575 54
788 533 15
370 537 80
61 833 86
864 6 83
357 935 85
34 385 76
445 171 23
241 234 94
55 632 19
595 883 36
117 525 9
362 133 11
415 708 47
310 105 54
627 246 82
632 127 45
798 604 1
369 591 96
849 984 56
830 533 59
155 296 90
241 327 3
764 479 60
472 646 92
480 528 77
469 193 21
516 764 57
346 721 97
571 933 88
488 346 19
247 802 55
931 601 39
332 325 51
306 264 85
504 419 0
827 796 22
758 374 47
619 31 26
126 895 93
818 453 4
930 829 16
581 857 30
2 207 11
194 354 68
720 30 41
491 993 71
783 147 28
860 560 84
992 502 63
645 340 43
909 359 93
615 312 74
715 812 91
713 266 27
760 726 59
295 920 99
466 583 57
867 401 55
694 918 4
496 313 54
556 351 16
245 202 86
449 537 33
676 545 32
515 579 48
6 707 38
386 966 29
215 722 33
211 496 88
628 478 65
627 128 68
84 963 42
363 513 43
693 719 47
213 546 87
833 200 44
617 266 32
922 649 52
424 270 12
64 141 84
885 906 2
457 631 80
833 805 34
869 127 38
392 953 76
218 421 48
120 687 40
591 873 34
320 782 10
757 396 97
713 210 99
217 819 70
772 505 61
74 233 93
870 938 92
671 130 27
181 535 54
164 574 76
608 404 19
871 322 65
142 623 82
438 753 73
398 779 54
479 784 97
217 742 8
572 86 44
801 346 5
572 619 84
665 977 58
194 501 61
482 343 28
93 878 85
28 792 25
628 683 63
418 482 35
934 433 53
429 783 34
308 175 42
551 758 11
653 212 38
42 909 37
281 993 83
984 987 75
379 71 88
187 557 45
426 532 71
634 5 54
722 989 26
814 645 96
198 305 15
767 270 85
391 291 47
780 903 26
430 856 90
693 461 80
640 649 99
438 494 16
192 937 10
181 52 17
160 287 45
283 341 16
594 50 86
146 120 23
569 521 57
561 58 21
126 472 77
801 767 81
493 913 78
590 246 33
959 323 30
807 629 32
912 277 20
655 56 52
523 33 97
578 515 83
233 607 88
183 469 38
980 129 65
91 242 4
548 916 82
350 335 95
819 792 38
355 995 50
604 706 26
799 830 63
266 206 45
331 919 89
610 616 98
883 983 33
263 25 53
7 584 23
622 636 48
147 418 26
511 843 96
708 745 31
932 861 20
304 210 26
538 770 30
64 537 20
300 293 90
601 486 49
949 482 96
444 893 70
513 894 11
37 314 76
890 171 94
834 268 96
362 758 25
518 908 41
98 770 67
599 359 63
151 264 3
196 992 33
307 14 5
760 689 89
993 207 67
559 791 93
375 832 21
13 862 29
190 845 75
589 582 60
524 551 94
551 243 39
956 771 12
126 629 28
382 197 36
308 826 76
75 32 91
886 944 26
432 898 1
15 737 92
31 999 47
557 516 10
12 440 90
481 569 97
443 505 83
415 97 19
625 9 65
217 883 2
684 309 5
51 860 40
123 955 71
498 810 29
5 859 82
429 677 55
973 118 43
211 359 84
693 545 97
938 266 47
691 394 92
930 748 20
938 521 17
639 230 86
254 984 59
835 994 1
639 395 97
19 518 99
815 253 17
283 303 37
982 502 21
702 234 45
723 810 66
112 895 52
973 618 81
431 58 80
389 796 78
439 440 7
393 662 8
236 762 0
759 780 5
627 419 67
889 153 5
298 198 78
32 701 9
611 908 28
756 648 17
36 459 34
457 647 51
492 901 35
519 851 36
400 743 12
701 66 1
786 708 38
257 689 56
772 133 49
994 680 96
631 558 72
793 758 54
931 268 23
223 209 72
841 255 95
902 640 58
755 164 19
831 624 76
359 150 29
711 70 62
967 881 83
465 839 1
521 313 28
94 342 9
627 547 93
104 542 57
58 409 69
423 126 5
800 907 67
83 443 71
402 117 63
876 761 24
154 141 53
209 956 16
745 812 83
221 704 56
117 234 59
184 154 12
241 226 66
768 429 27
899 874 12
817 450 71
395 775 1
985 72 74
132 911 14
951 387 71
233 702 89
941 569 20
262 420 42
531 345 25
269 811 1
45 996 23
647 806 90
743 73 62
332 600 88
132 922 27
667 69 82
238 422 75
849 364 14
568 242 62
453 754 25
457 528 74
922 998 52
518 917 83
626 233 72
389 901 56
258 988 28
12 870 33
185 106 90
877 211 1
772 262 23
751 769 83
748 199 98
68 664 64
231 997 87
663 573 76
615 488 17
3 636 71
341 835 81
859 262 56
478 388 28
305 402 77
300 656 28
450 450 61
966 149 48
852 74 0
888 771 95
525 922 5
552 786 1
873 563 21
376 453 33
145 681 64
411 697 76
634 792 21
702 724 11
635 249 96
101 582 95
363 791 58
384 461 53
736 602 97
983 218 84
533 491 63
355 447 41
435 46 20
543 136 53
169 118 53
571 494 37
516 752 86
561 695 78
255 437 66
981 992 6
458 952 91
463 591 73
29 987 91
804 490 96
7 507 8
516 88 11
964 573 57
423 720 48
560 977 10
125 752 80
590 367 69
383 253 79
533 864 35
39 401 64
520 378 76
772 482 96
397 110 40
545 522 98
654 334 50
347 746 59
751 436 30
531 584 12
932 731 12
687 260 79
456 639 50
184 791 17
284 105 74
203 367 35
672 752 9
521 832 13
226 127 28
797 110 31
482 400 32
510 161 42
56 441 1
208 486 82
717 662 14
151 683 25
147 4 32
756 112 82
579 297 97
186 23 58
487 715 49
125 85 37
182 182 83
593 541 77
102 551 21
923 887 9
328 937 45
718 737 49
20 274 8
726 987 83
978 211 77
897 134 17
547 638 74
492 689 4
599 747 72
878 161 3
627 758 63
764 973 70
162 786 56
367 928 29
333 853 1
550 160 75
679 412 66
223 61 2
780 607 82
469 42 57
501 915 60
719 176 49
762 716 13
695 293 68
874 542 45
597 863 85
120 857 87
522 546 63
597 767 18
220 486 18
691 158 18
309 275 8
414 592 61
123 664 65
420 370 19
597 40 24
464 862 97
500 564 87
131 714 30
23 227 61
744 887 44
122 470 36
514 318 76
862 113 4
679 252 83
686 761 34
734 538 27
1 223 20
347 251 98
878 207 24
219 817 71
282 941 77
616 370 50
620 145 28
626 266 48
429 61 60
56 492 25
524 140 36
392 170 15
335 402 67
793 890 15
526 737 55
106 818 61
803 303 90
548 559 44
846 925 69
653 620 93
26 280 77
443 124 23
273 248 67
35 754 94
736 302 41
743 720 23
133 830 49
245 270 41
990 456 8
222 706 38
633 627 78
523 696 12
543 64 83
795 63 2
615 560 54
223 344 5
235 639 23
896 129 26
12 945 51
779 958 79
528 212 89
178 551 63
166 872 56
556 832 24
671 225 99
834 425 71
429 429 11
63 500 16
599 787 33
400 130 29
39 15 46
509 199 11
147 694 42
970 65 96
463 444 20
535 136 39
769 35 30
544 812 78
845 868 86
882 197 55
832 243 41
534 579 64
47 135 79
484 188 19
638 506 60
206 155 75
219 874 27
382 247 58
254 91 27
389 261 56
648 280 96
689 658 27
614 99 80
571 425 56
841 759 52
946 138 14
117 421 34
791 360 31
736 745 75
643 810 6
941 178 20
499 957 65
141 813 98
949 837 63
630 270 10
785 634 3
173 696 48
752 862 79
316 817 79
293 322 74
952 842 11
610 653 8
812 859 36
863 109 81
896 791 68
272 398 68
108 221 8
638 592 92
476 865 64
507 974 86
582 984 83
865 29 73
117 399 1
951 278 56
238 138 46
305 748 72
881 652 33
644 868 54
380 647 48
565 733 69
709 505 74
643 557 13
541 823 51
382 978 27
693 323 35
832 637 98
255 296 20
254 846 58
354 78 19
344 411 40
774 988 81
85 217 77
672 654 70
581 860 22
776 93 22
733 826 36
932 793 14
611 89 1
491 181 90
433 37 43
320 551 36
582 422 15
919 896 59
113 453 19
511 962 19
931 128 8
947 169 0
148 692 8
55 473 63
520 92 28
795 140 41
953 952 84
411 971 69
188 175 71
737 544 40
122 759 13
254 135 2
811 442 66
900 927 8
241 941 97
152 841 45
29 611 95
660 39 34
343 558 70
897 593 29
80 905 91
473 400 6
612 870 4
38 682 91
516 196 56
291 780 72
921 198 51
11 541 18
764 469 31
469 530 85
130 383 82
169 905 55
957 754 20
140 998 3
656 444 0
336 74 97
686 884 21
459 372 75
366 258 53
342 741 56
667 411 1
961 851 51
121 8 3
320 869 60
113 159 78
396 528 28
888 959 25
743 361 20
346 154 66
442 516 15
484 408 14
634 850 26
685 645 39
991 889 27
464 638 47
300 216 32
525 458 20
987 535 4
475 538 7
664 853 90
239 451 52
627 99 75
616 769 24
294 645 31
775 238 52
490 990 21
317 251 82
616 512 87
63 567 31
913 120 14
918 439 20
484 557 88
465 185 0
867 838 30
642 483 95
224 251 31
31 626 72
341 145 38
537 788 73
880 456 55
277 37 88
789 22 91
724 186 1
780 677 59
850 727 64
283 467 33
750 843 66
583 323 66
762 476 34
480 588 54
718 690 20
919 417 60
853 736 61
293 808 41
180 154 80
262 834 10
55 89 8
609 479 3
5 941 90
359 72 94
854 713 8
185 448 21
128 559 35
947 833 6
757 424 13
770 648 49
344 956 28
415 238 3
56 680 9
572 469 53
480 858 58
274 998 23
785 796 69
728 909 85
794 703 82
77 451 7
995 347 20
896 506 6
281 441 79
251 944 7
191 592 43
408 424 46
61 641 8
336 634 24
222 344 86
179 563 0
295 297 34
420 41 41
894 226 1
133 466 91
671 590 40
30 455 2
86 235 63
17 548 57
645 528 38
722 169 87
262 755 72
898 166 73
536 158 9
122 304 72
229 822 15
397 715 89
23 571 2
458 797 28
837 140 31
505 829 48
677 598 66
385 887 49
786 319 74
465 158 77
850 261 96
719 921 72
331 191 92
200 626 17
488 146 51
78 440 60
276 735 15
377 84 2
849 917 0
297 430 22
828 933 61
764 190 39
733 233 38
828 416 48
327 853 20
808 698 13
932 555 88
177 788 80
525 281 54
265 709 57
643 92 88
992 135 27
475 735 93
7 902 16
75 979 36
498 307 14
891 665 21
347 214 59
260 656 63
612 10 33
795 247 62
189 615 96
180 467 76
991 373 69
971 202 89
410 282 23
811 124 19
790 611 45
765 746 91
978 669 81
144 922 89
716 790 91
684 141 76
550 87 76
562 914 59
155 975 96
337 686 65
648 477 46
481 250 61
215 729 96
88 443 4
4 492 41
778 316 98
161 74 78
447 669 21
344 687 0
27 510 22
615 969 93
845 287 16
582 346 88
461 360 37
289 801 12
514 215 47
640 923 18
938 183 51
922 97 43
427 823 16
442 466 80
162 62 74
659 152 28
151 180 29
24 842 94
754 293 61
264 774 82
296 53 68
932 820 34
940 464 38
618 674 63
274 833 66
970 417 32
874 67 72
956 4 25
132 948 35
223 902 47
349 438 91
571 998 24
650 779 58
46 991 86
725 967 26
333 743 12
643 331 77
921 60 42
542 238 86
285 72 99
680 839 70
40 498 49
152 119 49
732 919 80
987 754 72
443 646 93
735 188 50
374 482 57
319 929 27
900 831 29
912 519 17
886 377 14
584 287 16
788 955 14
332 402 54
733 736 45
724 168 95
447 242 98
307 812 53
45 150 40
551 6 51
294 303 59
918 381 78
466 417 52
955 814 84
989 471 54
891 541 98
329 261 10
301 277 48
76 570 53
719 813 10
859 926 75
487 52 57
220 69 78
876 616 56
371 419 20
686 163 42
860 294 37
325 33 28
617 297 31
506 388 52
905 732 31
766 607 55
372 866 36
426 490 83
240 657 91
351 783 50
933 755 35
868 816 91
691 507 12
273 876 27
850 902 37
410 974 46
365 289 36
293 509 43
462 382 9
693 356 68
182 413 22
143 153 80
367 247 32
774 432 87
205 898 69
130 93 98
561 445 93
980 60 67
890 586 86
590 405 13
13 68 13
289 743 59
912 569 20
953 491 19
330 901 72
564 10 53
616 903 55
30 106 19
814 490 38
198 72 94
449 652 82
445 489 98
555 869 67
927 358 86
88 681 16
197 176 66
942 878 77
174 428 30
946 246 69
341 282 18
73 466 20
16 27 1
647 576 52
160 69 61
445 336 10
843 913 41
770 641 56
358 702 48
464 380 33
59 947 77
987 475 4
338 314 34
392 505 60
721 254 72
641 277 27
845 346 71
446 177 64
537 748 63
651 549 51
219 18 19
793 772 2
925 843 82
870 194 60
568 147 61
994 481 25
944 505 68
985 177 15
238 559 13
221 763 79
720 644 45
690 137 24
356 968 22
385 376 82
801 117 33
765 213 67
396 168 77
899 484 55
968 245 3
18 892 67
848 659 20
968 351 1
834 8 26
905 831 74
289 239 47
180 956 18
847 145 91
867 706 13
155 74 74
292 16 90
678 245 44
266 764 98
479 993 26
951 542 41
930 817 5
783 60 67
758 955 10
713 388 84
18 997 69
221 409 96
95 566 26
903 86 77
49 244 44
237 632 22
185 608 52
415 394 91
261 782 19
839 600 29
533 511 6
314 677 92
760 678 57
460 330 29
473 912 23
312 909 21
144 953 59
497 207 57
371 139 99
329 336 71
725 720 38
60 348 75
545 377 17
875 570 89
700 222 74
504 892 66
922 990 71
153 146 4
778 869 13
838 891 53
107 257 74
613 323 27
402 243 52
592 577 86
651 451 56
191 52 45
248 571 36
217 153 8
327 546 82
142 119 85
686 179 45
591 536 75
752 579 67
39 621 14
636 604 64
500 209 53
825 901 63
601 637 38
617 561 58
296 463 12
74 679 35
60 976 23
821 236 9
183 323 37
571 693 23
317 721 14
538 201 56
32 245 32
56 182 83
775 281 4
704 512 29
34 274 10
859 723 13
541 122 46
708 13 30
370 204 83
134 501 20
869 168 45
930 553 92
54 570 3
988 766 37
509 192 80
52 351 16
970 627 13
243 288 59
901 523 89
492 505 97
713 900 97
372 634 87
406 125 93
224 497 33
185 666 34
892 471 88
465 387 39
629 550 27
500 312 5
229 531 82
583 38 0
158 215 66
147 462 22
130 208 58
935 549 72
813 704 54
576 226 12
833 139 5
72 430 57
793 638 3
800 294 98
726 201 68
818 558 33
983 803 29
124 709 36
428 695 81
923 778 47
425 593 53
748 256 77
718 800 45
342 669 82
320 179 68
525 925 81
218 628 18
521 914 72
340 673 66
322 689 80
677 982 52
77 189 45
710 390 3
320 199 26
27 272 57
296 58 8
510 213 55
977 598 92
263 951 50
845 848 78
310 905 50
950 461 73
976 663 91
526 328 30
156 918 93
622 311 2
56 594 12
993 226 52
386 653 39
489 316 29
405 698 24
723 36 73
356 776 69
817 763 11
548 836 86
409 504 37
624 887 56
165 927 72
602 472 7
844 992 73
783 108 75
71 871 76
635 350 42
346 939 69
52 521 46
872 293 57
851 262 9
240 919 9
428 486 52
690 889 44
171 266 46
348 693 8
567 656 45
725 529 74
263 762 81
931 355 70
240 894 49
508 957 84
66 35 11
852 366 17
118 12 24
517 789 44
791 281 2
598 997 59
162 430 75
686 393 74
71 397 96
455 988 37
750 387 26
894 419 91
150 247 4
911 328 76
333 305 48
668 228 44
681 277 57
450 927 54
198 348 85
589 851 94
928 859 87
560 475 54
520 275 16
471 403 92
529 728 30
562 420 12
715 943 26
356 49 85
896 128 50
703 624 44
840 536 29
314 546 24
314 18 95
193 859 88
978 162 44
929 546 69
533 762 73
175 736 86
765 979 55
884 360 94
617 527 43
626 840 35
590 494 7
806 980 0
918 393 8
332 187 38
838 836 8
413 520 83
579 205 29
160 467 64
68 794 15
429 775 42
86 95 63
800 951 39
967 939 1
137 218 50
360 812 80
35 924 31
873 466 65
294 813 6
764 596 46
433 311 23
399 825 32
70 739 65
479 804 20
106 263 29
570 860 92
918 208 63
659 38 62
148 645 26
883 971 21
297 925 46
488 103 4
779 911 35
914 658 87
995 691 94
277 608 74
275 918 1
643 26 28
391 717 42
242 16 7
246 381 87
670 856 70
189 486 39
90 105 91
117 340 2
268 471 85
700 349 10
263 746 96
254 155 23
460 95 14
824 417 32
11 358 96
485 765 8
836 89 60
82 808 0
879 601 82
827 201 38
690 872 75
343 798 94
36 94 87
56 281 73
128 836 21
986 214 13
229 833 37
352 458 54
90 389 31
294 14 24
987 956 54
474 731 95
316 284 86
250 100 31
477 949 6
219 380 56
640 658 82
294 251 89
997 509 50
901 87 36
668 991 23
267 434 92
998 892 19
609 220 0
518 394 73
313 233 29
466 444 26
514 461 68
343 156 42
194 868 60
499 130 41
934 980 39
566 899 87
986 4 50
98 862 73
276 858 47
39 918 20
145 483 4
342 122 4
526 449 12
35 923 95
67 43 31
291 160 55
502 312 47
690 534 16
373 146 73
726 788 35
412 669 84
608 730 91
784 922 69
211 433 12
239 798 60
213 210 37
539 339 90
278 771 67
862 610 86
973 880 75
986 995 99
614 564 99
447 75 47
208 104 39
836 732 22
992 91 87
46 866 40
666 495 79
195 967 97
372 690 31
514 709 84
964 123 50
447 217 59
146 943 14
994 688 35
706 381 27
595 304 65
755 425 20
485 136 19
346 838 81
311 790 80
484 678 20
419 397 76
395 367 80
259 631 69
730 131 56
105 655 52
240 488 23
719 441 77
962 511 51
730 573 16
129 766 57
693 67 7
582 20 52
814 815 1
274 164 78
308 984 76
219 868 86
397 734 97
754 303 8
433 230 59
858 694 91
437 545 6
434 452 31
408 662 87
761 523 91
452 634 20
113 139 22
389 725 76
409 513 21
988 898 6
375 67 60
671 900 41
845 109 72
881 555 35
870 306 92
694 601 96
553 279 0
975 691 43
817 681 50
83 598 37
405 891 76
3 969 45
514 942 14
25 64 64
529 309 85
80 625 18
74 921 15
224 778 67
800 937 36
343 707 64
843 835 90
785 347 44
861 536 2
973 92 97
888 395 85
256 852 22
192 938 64
679 926 67
412 400 84
175 492 70
167 914 3
93 870 75
14 862 61
758 847 32
494 629 71
770 496 77
960 175 38
24 248 70
569 987 65
124 394 0
101 47 58
44 438 78
477 474 90
916 505 54
250 491 96
631 838 81
110 111 88
371 911 83
285 753 36
377 789 72
262 871 89
385 579 32
186 879 35
343 646 60
58 759 15
337 127 99
659 396 25
792 232 26
185 501 73
961 377 8
750 804 15
66 610 43
731 93 87
307 892 24
289 582 51
145 128 81
367 278 26
707 539 88
646 119 42
255 177 7
840 825 28
111 562 51
68 448 35
410 431 96
658 592 15
580 122 87
85 977 43
147 288 21
557 878 90
699 92 20
606 180 69
274 811 33
656 32 75
86 913 74
564 351 42
789 287 92
183 8 75
599 358 31
238 523 1
66 691 75
279 721 7
142 313 69
934 196 96
548 414 43
600 543 97
231 855 46
552 265 68
850 283 44
741 225 1
909 303 10
920 396 31
349 140 56
315 10 45
6 651 71
785 777 81
226 821 99
110 57 98
866 253 89
661 434 10
459 58 87
424 956 91
932 934 64
74 594 0
745 732 26
888 711 51
529 304 2
581 569 98
711 79 89
418 741 99
544 701 74
449 408 58
296 246 34
524 801 53
543 354 56
837 255 37
585 68 63
249 170 94
817 984 14
290 795 12
138 586 82
831 521 17
24 309 53
355 758 3
93 955 73
685 22 48
506 379 18
295 315 57
209 890 66
897 893 27
773 818 2
462 819 79
450 323 15
591 737 77
161 963 4
149 859 93
132 962 14
865 539 95
924 487 35
659 371 16
277 725 26
931 876 17
510 768 11
94 783 59
426 516 26
507 456 35
977 669 93
992 714 10
887 742 94
208 701 44
808 424 92
460 62 95
329 406 70
482 831 24
770 118 86
84 872 60
815 722 14
256 575 58
755 744 56
838 593 68
111 178 21
45 938 0
675 356 85
416 117 49
55 528 36
805 799 4
212 907 50
257 550 72
501 930 53
244 183 29
899 825 54
988 927 57
940 790 63
386 441 0
807 372 60
886 741 69
375 143 13
628 933 7
417 210 26
885 389 26
923 853 41
218 777 96
13 625 50
886 856 40
780 822 23
660 157 79
477 982 90
867 426 79
0 104 4
933 868 3
367 256 11
303 329 29
876 738 40
598 898 61
540 768 56
473 610 34
400 35 46
82 238 77
581 184 82
223 83 2
421 850 18
526 187 25
663 913 43
79 544 26
159 891 99
752 282 9
884 8 28
312 553 41
315 615 2
446 458 74
523 119 91
817 892 90
220 298 9
341 4 37
748 672 44
196 338 9
56 477 68
118 155 50
733 832 28
704 382 29
402 770 94
120 231 59
370 519 83
659 927 62
848 819 20
587 906 51
818 820 14
728 703 7
634 170 47
898 395 90
651 382 27
912 19 89
537 631 37
431 358 99
522 817 43
136 866 97
949 989 47
734 236 51
75 433 97
658 789 0
752 809 9
132 224 27
701 227 3
888 61 39
712 44 75
490 226 2
479 868 48
827 170 30
140 633 35
945 434 10
130 879 11
502 738 18
920 369 56
809 633 33
963 650 25
169 109 47
118 868 11
95 209 2
681 49 62
503 948 18
577 298 15
11 219 81
316 816 99
337 745 91
819 418 19
6 769 22
234 549 45
419 684 96
791 652 44
352 928 65
112 968 74
166 782 15
794 315 62
521 243 56
876 103 54
440 450 10
896 356 66
399 22 10
597 363 75
216 150 84
290 134 77
376 703 95
12 838 63
347 460 82
773 524 25
710 225 70
765 41 73
927 378 17
670 934 0
952 473 32
973 234 44
29 195 83
7 716 61
2 953 0
878 695 52
505 76 79
166 901 9
108 495 64
137 933 55
974 507 64
517 596 65
644 270 37
500 769 59
758 883 15
155 819 32
805 300 40
961 711 62
906 788 28
837 618 62
940 583 19
854 246 54
850 990 82
409 851 66
237 956 96
574 458 76
350 783 23
725 692 53
433 586 16
616 329 44
182 627 84
769 785 16
366 494 96
323 623 98
96 691 7
490 454 15
678 701 15
275 980 18
60 110 16
909 469 3
262 88 18
751 722 66
57 17 4
492 129 2
317 448 23
31 404 77
786 368 13
601 395 30
479 595 36
846 443 0
215 581 89
246 585 81
62 192 45
836 59 95
192 957 73
353 150 0
856 390 63
697 550 84
163 600 64
94 856 30
458 320 65
477 379 51
950 853 78
100 230 74
803 985 79
165 228 81
76 656 76
78 122 72
525 86 87
967 169 60
117 70 10
47 468 27
563 755 27
647 762 64
233 670 86
295 651 74
336 609 71
565 231 5
572 145 44
938 46 16
505 39 49
650 21 55
591 704 56
160 458 93
628 4 77
209 210 99
431 843 47
729 869 58
24 684 25
461 801 44
981 8 79
510 303 31
523 313 2
839 773 83
428 269 31
498 855 61
911 470 77
635 551 46
219 66 44
173 145 5
29 932 11
398 543 64
822 63 76
676 92 76
624 116 15
836 649 58
194 245 6
531 116 37
672 953 49
116 101 29
7 241 74
761 681 5
925 102 92
649 15 66
48 637 87
507 418 46
655 54 19
280 322 14
717 900 36
297 241 68
707 15 26
937 115 18
54 36 52
527 818 90
938 635 63
537 967 21
41 851 72
644 176 18
111 462 85
306 0 40
608 21 33
903 89 94
831 45 13
327 877 7
937 42 35
657 614 53
577 542 26
197 223 92
95 777 26
951 637 93
78 29 89
580 240 73
578 844 66
650 280 36
132 677 25
722 451 87
237 536 34
984 561 91
465 996 57
683 497 22
55 425 21
298 535 77
653 369 26
445 423 11
181 343 12
998 874 79
628 992 40
862 5 83
200 225 20
873 444 85
684 234 80
762 781 82
828 296 16
27 593 18
200 490 7
288 297 82
680 818 60
40 701 63
433 749 25
809 640 51
836 61 49
26 673 29
899 447 53
172 551 63
366 148 35
295 52 63
264 106 28
806 674 33
690 785 41
319 419 70
745 47 88
119 457 8
298 923 75
559 583 11
333 561 8
572 970 19
974 593 95
746 228 30
814 849 72
343 671 70
260 43 31
42 88 55
0 534 95
362 843 43
525 900 55
711 689 12
545 707 18
431 404 32
597 321 50
672 604 51
89 391 0
622 563 80
881 546 33
785 826 49
586 362 46
879 608 91
647 902 47
84 775 16
826 557 98
511 607 13
560 419 92
92 833 2
530 495 9
65 795 19
799 614 79
823 659 20
661 851 57
374 456 26
257 752 58
978 531 24
131 490 93
141 38 96
731 517 29
534 132 57
248 542 80
581 900 18
233 32 63
28 691 28
457 880 36
341 263 19
736 317 17
917 17 13
653 492 11
822 929 19
58 891 51
594 111 2
351 241 41
767 383 48
788 922 82
679 178 84
58 489 50
48 221 5
397 131 47
413 972 3
497 90 36
10 455 28
597 616 8
14 940 55
770 577 68
574 68 66
425 637 98
399 970 95
356 133 50
221 114 45
844 903 82
331 421 88
172 24 68
53 562 70
31 953 4
472 838 81
415 64 4
477 406 90
557 123 83
617 749 18
928 736 70
156 487 4
330 181 79
970 475 45
276 246 72
317 409 68
263 498 84
715 419 14
788 48 40
652 557 40
3 81 78
472 201 22
878 26 75
372 297 18
287 692 5
809 992 92
645 980 99
238 401 25
553 770 37
420 668 12
123 736 92
55 4 93
551 339 1
710 665 2
589 538 24
54 252 5
80 977 78
633 987 33
509 10 65
336 177 14
943 420 40
466 192 80
650 922 65
588 32 42
398 364 57
626 809 78
716 10 96
113 469 72
109 979 78
967 669 19
119 907 3
569 326 88
649 818 73
744 948 50
524 372 29
23 852 32
94 813 57
81 293 1
710 185 34
101 583 89
365 381 74
225 380 44
77 141 74
135 139 40
617 133 3
766 379 58
304 529 46
632 91 77
891 845 70
418 192 63
144 102 8
306 817 16
468 850 59
485 629 69
858 684 72
140 591 13
585 993 41
124 487 45
179 209 85
880 55 3
570 115 94
190 522 34
56 792 78
331 479 81
494 520 90
90 59 56
425 162 77
670 34 77
612 781 2
566 39 86
514 333 68
131 559 9
555 931 38
421 418 17
384 903 11
149 431 17
527 487 80
632 835 69
873 504 31
931 485 40
133 972 86
661 654 80
36 713 63
299 9 45
434 525 82
830 844 47
225 637 58
638 77 87
163 322 10
332 381 3
970 789 55
747 882 67
619 252 86
583 678 79
16 99 41
539 733 48
229 946 13
896 294 62
819 255 11
589 208 23
567 290 87
384 189 24
269 210 76
205 582 15
687 117 83
610 719 96
227 320 47
942 328 54
501 714 5
487 966 41
336 51 41
896 127 57
764 229 3
351 793 39
629 603 73
839 444 77
739 543 67
272 819 66
889 302 53
400 547 11
189 150 31
469 846 85
964 44 38
710 476 32
229 116 14
504 142 6
365 427 60
582 981 67
14 625 75
799 832 0
27 350 19
192 438 61
805 876 20
221 232 31
846 563 56
874 980 95
298 116 74
627 292 83
295 840 66
518 37 47
131 557 64
997 228 21
370 709 5
380 328 7
700 611 81
340 27 36
424 666 34
803 823 69
716 411 39
160 435 3
56 593 26
397 932 39
999 449 69
859 227 43
124 88 57
904 251 79
667 158 11
915 924 50
769 455 32
991 761 18
987 319 87
807 193 61
40 305 3
964 66 60
324 216 29
128 909 8
241 976 46
251 710 71
601 68 74
107 290 40
973 657 6
234 433 93
280 796 10
2 476 14
733 759 11
819 955 0
590 504 2
78 375 9
827 100 53
782 128 13
259 892 99
761 524 83
21 647 63
461 623 97
931 350 99
609 250 69
904 354 74
67 553 70
122 510 25
701 830 66
385 716 89
727 977 45
686 479 50
798 575 64
994 201 68
859 167 46
167 571 71
865 705 29
748 125 95
424 276 85
328 780 95
122 949 28
74 509 67
968 568 77
164 383 44
911 384 1
770 72 81
820 526 90
244 664 6
371 174 6
210 844 81
467 324 84
273 251 53
139 673 21
18 922 90
646 57 38
119 272 1
9 799 49
188 576 83
390 624 16
729 997 32
491 200 40
67 65 22
389 896 36
784 678 33
103 76 39
829 187 74
368 675 78
36 645 55
629 451 7
304 661 67
25 907 52
849 743 44
10 63 17
685 376 29
748 967 18
232 953 21
932 305 33
709 707 36
591 520 13
211 563 54
44 729 89
147 132 47
169 728 10
770 752 55
815 472 60
55 828 96
551 239 97
861 691 32
342 147 7
955 883 57
664 565 64
214 771 42
484 770 26
668 323 8
42 733 21
476 49 21
765 113 58
965 301 9
805 576 87
532 867 46
243 477 80
646 41 88
516 305 44
891 608 62
654 266 93
846 199 58
97 118 99
59 494 76
791 899 77
215 598 32
259 910 90
70 65 63
687 972 62
762 104 14
585 249 39
332 293 92
267 111 73
640 409 4
80 936 53
240 325 92
769 399 60
949 417 25
610 842 49
59 533 40
541 833 88
920 456 91
511 645 3
97 828 47
571 704 13
385 582 69
480 333 30
518 614 1
239 591 0
806 619 21
967 850 87
437 72 7
897 531 73
535 620 27
158 443 92
585 851 89
591 175 37
337 794 72
832 622 21
99 788 80
437 284 54
617 876 36
656 983 70
229 773 88
151 58 58
103 687 33
270 817 84
124 242 4
672 112 89
96 366 35
522 1 3
431 858 46
685 172 37
755 658 40
706 392 30
307 140 12
445 265 80
687 634 24
244 266 78
957 762 22
663 1 98
52 592 63
131 163 4
851 874 75
906 204 81
854 802 6
446 263 81
891 585 34
661 966 74
204 256 41
752 710 64
774 704 54
337 190 90
45 319 8
194 923 96
571 360 21
954 818 2
463 76 23
133 252 28
761 191 18
749 686 58
928 890 92
127 819 39
462 978 49
26 482 53
521 754 94
355 205 64
844 384 32
943 874 75
951 433 43
474 692 37
421 135 65
901 85 63
463 809 51
226 761 45
449 909 3
699 760 89
576 75 79
918 176 93
29 14 19
255 380 45
747 454 84
466 750 31
830 230 71
457 367 13
574 990 74
792 479 74
562 101 74
269 181 91
247 186 53
743 58 48
890 788 33
483 378 53
221 345 45
866 175 43
325 585 86
288 937 28
41 107 76
736 313 36
826 675 54
172 752 40
78 823 60
13 328 28
453 537 33
753 160 64
864 923 61
230 879 95
194 46 56
609 525 13
610 16 66
18 67 31
296 235 57
150 162 62
161 509 34
507 285 10
426 518 20
742 542 33
717 860 36
13 414 83
489 370 28
689 608 82
561 905 18
984 485 86
885 641 11
323 411 11
612 106 32
544 162 63
185 567 48
626 734 74
697 764 3
290 913 9
754 137 16
713 516 95
674 224 36
172 373 10
918 73 1
21 812 68
894 48 93
331 111 51
436 685 71
345 178 43
855 431 62
305 970 44
865 417 6
346 456 86
129 791 56
297 390 47
834 691 28
601 667 56
31 371 43
565 319 50
57 495 76
639 25 81
113 209 2
177 169 2
643 766 19
208 565 63
552 500 76
877 57 37
319 452 35
351 22 31
962 828 8
609 367 94
832 152 44
650 906 17
980 7 62
387 789 25
533 931 82
36 671 92
590 612 72
794 401 50
235 7 32
636 181 24
628 483 4
848 326 15
541 636 70
167 454 64
105 50 0
289 105 84
146 471 53
724 22 22
259 499 72
107 97 11
965 845 9
921 585 11
279 160 88
621 981 18
23 95 52
846 3 43
925 688 90
252 766 21
135 797 76
245 707 34
238 348 19
56 960 23
745 434 91
517 13 92
225 695 2
119 829 64
882 514 70
926 940 80
730 350 61
954 957 23
669 86 21
576 425 81
450 785 95
249 435 50
135 708 51
96 328 15
330 524 74
91 198 48
645 136 92
467 762 26
46 387 31
934 625 36
971 462 10
792 872 45
826 722 54
527 315 47
129 118 83
634 385 83
604 50 13
65 648 54
383 15 69
69 785 71
475 160 45
567 339 32
777 10 15
784 371 38
620 218 82
50 956 3
761 659 35
863 67 92
405 430 34
981 299 94
641 375 32
835 86 76
779 78 12
680 157 72
408 45 58
166 963 59
678 612 44
799 1 10
949 532 72
979 13 22
763 824 68
314 955 14
498 940 99
477 802 93
816 385 3
537 272 27
358 480 75
200 146 63
91 449 20
86 155 59
231 204 61
852 474 20
894 854 22
458 750 84
793 652 9
177 462 20
547 529 60
925 55 68
323 239 87
905 783 17
848 332 42
931 124 36
401 117 82
751 120 70
570 730 35
4 633 6
505 646 46
215 890 81
362 749 38
74 706 49
245 366 8
446 990 26
315 308 9
598 826 75
579 774 56
300 923 67
716 232 13
558 47 76
602 878 5
649 174 34
773 239 27
476 340 64
54 530 91
779 668 1
450 192 61
841 727 12
550 241 85
219 116 32
149 423 62
894 439 97
747 308 12
469 886 41
64 665 39
673 890 56
245 543 55
470 778 6
651 677 9
465 963 88
56 82 39
3 220 65
787 519 88
890 229 42
184 932 36
509 299 6
547 107 82
139 896 50
935 426 7
545 425 72
402 512 0
338 966 22
74 499 91
444 351 12
505 355 79
847 340 71
263 801 86
305 238 3
28 832 88
844 47 83
180 232 9
680 263 48
643 345 81
508 989 24
968 824 28
50 523 93
434 247 49
175 855 49
622 896 65
619 521 13
424 338 30
963 681 48
999 778 36
452 252 64
352 689 33
905 6 47
768 497 60
948 984 70
159 915 3
215 746 91
893 407 98
453 631 59
408 864 99
505 570 71
373 359 72
57 774 21
576 986 87
385 689 80
36 40 90
676 645 16
454 925 7
446 444 78
917 506 19
799 11 82
294 964 76
844 658 50
425 78 75
233 927 98
126 185 73
668 202 16
740 828 57
664 883 79
606 298 82
528 861 63
770 711 59
80 139 5
741 973 22
267 666 75
531 568 16
569 898 63
599 367 16
946 366 14
978 363 43
817 591 79
965 836 35
158 781 42
68 866 53
196 917 27
263 381 98
711 220 93
506 980 39
559 215 93
851 102 37
677 809 10
591 939 44
974 332 78
29 52 46
234 757 46
268 649 15
664 769 38
699 364 68
648 519 30
457 826 49
164 307 37
364 793 45
770 800 48
296 341 63
776 758 89
984 295 65
306 219 98
239 92 27
679 725 33
962 364 41
881 654 94
776 138 94
425 286 55
763 356 8
231 525 34
291 57 97
767 927 84
150 750 91
687 459 86
195 579 90
514 499 89
710 689 9
0 309 13
181 467 56
777 487 19
435 398 53
38 140 27
362 267 45
570 177 92
672 453 5
857 828 16
181 746 25
971 838 80
619 190 0
740 904 16
283 576 96
846 801 24
59 341 75
911 316 13
2 853 88
234 721 71
97 645 26
351 432 88
516 487 34
759 724 15
963 616 9
126 692 21
276 524 9
596 474 87
184 400 44
30 376 54
907 975 44
74 374 1
140 137 86
580 922 20
305 725 79
143 54 74
642 297 75
937 747 85
372 110 89
757 82 81
728 833 66
67 998 73
749 897 91
252 335 73
343 279 31
901 617 38
672 732 86
80 840 4
669 321 80
961 737 59
225 378 99
879 480 2
787 873 33
133 430 21
599 766 87
394 235 98
327 118 78
86 482 85
625 96 7
191 937 0
610 480 47
841 126 39
491 758 52
645 279 57
435 585 68
29 440 47
386 820 30
932 959 73
141 219 23
495 408 92
949 987 21
582 825 29
162 825 58
531 216 67
120 396 41
190 712 12
100 923 61
361 76 89
330 941 91
285 555 55
709 406 55
672 396 51
51 365 82
678 453 87
402 71 81
21 196 59
424 167 5
23 148 3
772 951 99
359 441 63
546 165 3
406 635 96
877 600 64
805 438 48
445 651 25
339 373 53
346 166 80
777 110 45
917 711 90
111 195 21
395 445 18
401 685 57
827 936 57
373 344 87
850 540 24
371 945 22
245 744 95
169 182 42
813 880 68
906 968 84
112 173 33
223 827 37
520 35 5
279 595 42
901 322 23
183 850 9
424 647 85
228 101 65
528 580 25
51 674 33
322 320 16
689 497 2
307 796 99
861 289 8
230 230 57
160 751 17
850 205 9
101 585 29
678 912 53
927 888 40
757 421 35
651 690 58
845 735 65
690 88 96
406 192 44
769 873 74
305 694 14
924 721 61
741 637 29
216 540 85
72 137 41
786 556 99
305 906 28
858 973 41
649 276 98
857 753 69
96 863 64
808 872 45
579 852 88
103 182 87
280 548 57
636 631 99
885 758 81
297 161 45
626 447 84
697 603 39
993 440 2
744 743 41
429 18 17
489 692 14
888 523 90
91 309 59
468 193 42
304 87 52
841 162 41
546 616 69
877 608 55
677 15 96
282 238 70
614 526 77
9 234 10
194 715 91
202 194 53
192 420 1
350 901 45
435 430 39
900 336 93
32 680 98
578 132 91
261 142 24
68 571 20
592 84 43
196 78 50
159 375 31
953 224 51
876 213 90
995 896 68
797 124 39
437 153 63
712 713 49
22 125 79
532 542 23
169 833 50
384 511 65
899 45 40
463 250 55
477 405 45
901 988 29
688 794 83
881 705 66
903 567 30
123 910 34
767 556 99
52 597 11
423 130 68
329 319 3
779 519 40
439 415 80
116 798 93
774 529 28
43 925 70
181 964 61
541 662 52
955 262 34
255 289 62
223 175 37
303 544 89
38 526 71
938 126 16
566 184 78
426 23 28
469 278 92
318 532 73
985 327 41
610 671 92
570 1 39
176 584 95
39 740 51
264 99 27
243 231 71
935 540 53
233 922 78
863 555 55
8 259 4
156 397 63
735 541 3
520 272 64
786 262 59
492 199 1
497 101 59
127 681 79
326 0 7
301 997 98
987 628 97
336 870 38
884 50 27
642 900 16
912 235 17
37 982 99
864 591 74
438 108 60
279 432 57
157 638 22
896 402 1
350 305 14
646 874 90
464 496 62
815 570 37
495 74 89
606 961 90
715 618 69
94 63 31
986 407 39
408 589 84
758 801 53
889 719 6
817 336 83
941 967 17
953 365 17
728 957 15
361 486 66
112 176 59
369 196 81
611 526 18
293 626 39
839 809 0
695 894 41
994 740 57
831 591 59
37 984 41
464 662 75
607 686 73
721 379 5
654 476 66
319 107 99
29 242 40
641 88 13
948 724 72
386 969 30
226 381 87
683 719 50
393 132 56
148 395 11
536 904 54
539 258 35
848 740 57
463 899 60
764 181 57
7 153 28
497 181 77
21 195 51
122 627 88
11 36 89
264 929 29
686 974 72
258 117 95
725 927 96
581 513 18
652 514 85
142 848 36
829 28 18
15 940 69
902 232 80
16 512 56
411 501 27
387 126 89
42 230 82
201 497 72
642 951 11
890 361 34
213 108 21
854 993 2
122 454 66
93 573 18
613 32 12
898 442 7
69 115 73
267 448 77
743 977 16
3 570 86
175 393 73
602 733 48
842 801 47
858 800 68
253 376 19
196 340 0
570 939 2
646 657 82
475 123 16
896 20 89
392 846 10
745 34 54
261 565 55
212 347 92
442 765 3
6 742 64
918 619 92
372 760 27
475 875 21
616 591 10
876 883 56
845 614 36
558 324 10
746 353 54
587 338 8
296 303 14
177 507 88
681 506 56
379 883 63
234 847 42
614 429 53
809 308 50
947 367 88
455 378 95
345 812 21
819 783 31
694 771 79
879 23 22
616 440 33
267 0 85
169 741 86
307 447 62
279 491 39
786 987 49
198 433 51
466 128 91
503 833 70
642 49 79
981 687 11
437 697 3
763 172 9
32 196 93
796 279 67
874 234 65
29 129 90
273 78 28
191 859 92
65 887 66
369 912 8
857 415 59
996 238 64
521 21 38
677 936 54
278 983 17
605 20 60
280 30 73
675 902 23
960 353 46
944 418 8
777 845 15
777 488 10
401 463 6
538 761 66
754 290 5
382 594 36
100 763 42
501 701 29
10 924 83
447 339 94
147 921 13
385 32 58
102 855 8
528 586 65
18 62 62
511 689 85
914 629 43
921 9 50
211 141 70
874 141 33
463 833 55
851 497 34
342 197 48
122 496 18
524 871 97
892 36 12
503 564 5
298 501 39
32 298 50
851 493 50
135 157 98
767 80 75
23 277 8
515 158 44
776 192 63
871 758 91
388 695 76
991 982 34
394 667 52
708 813 57
350 641 84
707 874 20
599 943 76
134 123 6
565 313 61
861 756 88
394 159 45
782 358 13
641 673 20
175 579 87
565 777 54
920 29 49
286 847 10
896 203 23
787 123 95
103 574 74
330 339 98
692 191 2
818 488 28
592 690 8
187 417 20
738 749 88
54 544 22
192 988 45
825 223 49
927 8 81
278 869 3
629 913 74
622 692 79
896 550 82
972 787 17
630 188 48
130 289 16
354 470 32
772 168 63
90 571 57
125 781 92
747 154 68
856 457 30
678 672 53
448 314 22
690 11 55
966 128 34
581 152 40
553 3 26
375 227 63
190 84 47
897 947 74
359 525 51
366 115 92
85 992 72
244 569 72
115 43 6
870 792 94
454 902 36
70 843 60
672 801 23
342 419 9
442 679 11
92 873 95
28 752 48
794 708 48
568 898 40
26 286 32
517 186 94
581 354 30
342 568 21
52 700 33
927 152 65
62 942 84
282 661 25
322 907 33
685 39 52
235 343 55
321 7 82
703 767 83
354 345 82
5 653 31
703 960 43
65 237 62
191 281 76
427 329 26
789 11 45
808 652 76
218 554 35
856 618 71
665 371 28
205 258 96
602 623 43
668 957 62
665 62 84
45 635 52
69 922 40
19 100 25
704 125 65
843 505 46
675 557 90
419 976 21
279 151 3
190 411 29
197 433 38
872 775 23
629 917 55
826 487 8
104 844 84
61 804 92
293 570 83
791 189 38
948 170 38
310 540 48
889 39 40
311 499 10
767 605 47
507 977 92
560 360 42
565 612 46
655 793 15
697 249 60
2 50 90
458 925 38
379 442 49
543 387 57
946 587 28
973 482 73
813 960 45
65 815 24
851 538 0
14 155 35
928 436 19
219 462 46
394 703 29
748 992 7
352 185 60
656 779 69
311 131 15
48 937 22
574 854 53
383 456 43
47 767 63
953 66 43
511 19 47
587 298 62
710 751 45
360 921 29
294 90 30
456 550 8
230 444 36
104 336 23
25 609 45
509 627 90
75 163 4
88 836 64
289 636 74
148 662 92
746 251 2
102 555 86
891 851 0
566 790 81
313 363 28
21 163 78
183 561 37
207 265 93
345 12 70
42 641 55
928 502 46
202 987 79
832 904 0
293 614 54
488 109 50
695 320 91
19 356 89
984 455 26
435 815 11
669 685 2
52 976 62
558 288 39
110 512 97
261 894 6
114 780 95
222 828 16
164 289 14
97 555 32
927 225 16
267 846 46
329 334 64
583 839 38
19 403 66
439 235 95
226 635 56
366 689 63
580 188 34
479 79 62
839 377 85
56 891 29
585 271 33
431 737 49
8 211 61
653 494 69
980 104 21
254 511 20
448 72 97
627 524 10
822 904 61
741 174 79
449 348 40
694 696 76
14 448 68
663 896 46
258 268 7
378 319 75
471 505 93
688 201 19
815 577 71
480 174 83
73 530 44
955 940 74
253 389 34
507 839 99
767 491 97
785 890 76
30 730 52
13 548 68
80 267 65
120 810 98
48 673 35
787 760 99
610 273 19
458 361 74
31 108 4
406 964 10
993 933 60
503 116 28
259 880 63
525 350 56
64 709 31
706 939 64
951 279 11
636 805 7
238 268 59
469 300 49
50 801 30
883 156 93
371 170 33
720 490 45
451 699 28
285 987 1
92 56 22
644 874 81
746 502 47
153 7 89
504 646 74
675 713 61
119 825 16
173 598 87
656 982 33
556 192 4
174 265 90
122 768 4
802 924 35
230 653 22
661 314 54
444 552 25
580 633 93
861 299 51
315 266 11
929 336 85
195 261 46
322 364 63
936 360 76
496 587 44
684 295 3
412 36 72
974 991 35
804 273 52
694 8 80
902 881 23
187 611 88
544 513 79
700 47 53
114 119 11
837 23 98
43 412 86
392 891 55
506 437 54
871 830 55
208 837 10
653 575 14
792 177 94
818 911 18
263 424 31
374 39 45
994 612 35
942 213 6
235 157 87
391 604 23
183 373 64
445 616 19
242 624 25
915 192 14
66 573 74
260 258 85
603 885 74
340 283 24
308 825 16
309 591 96
773 550 47
697 665 52
694 155 79
677 78 94
409 771 44
134 374 70
847 348 80
872 956 30
913 933 14
194 261 70
131 501 94
244 608 62
627 613 91
731 963 20
792 826 28
449 553 47
341 381 72
452 754 35
205 243 33
667 971 45
69 911 62
423 172 16
314 693 42
984 298 9
613 482 97
230 590 82
240 570 35
376 752 77
575 916 46
70 939 4
10 129 58
937 574 92
533 274 92
449 584 36
976 172 49
204 137 68
768 258 51
305 419 16
79 156 5
532 427 88
220 129 62
414 124 17
512 469 37
252 618 50
462 616 38
270 763 86
217 650 9
3 498 43
737 359 16
866 6 93
980 159 10
68 842 19
486 844 62
225 440 81
837 347 52
28 280 56
113 957 37
871 939 23
280 538 40
868 328 1
548 113 10
587 271 61
800 221 81
398 263 0
468 778 51
154 414 20
590 777 2
402 957 56
199 330 20
909 505 19
640 807 17
355 858 17
742 564 96
56 249 96
675 662 65
649 966 61
465 646 3
303 164 58
753 299 6
575 187 89
63 980 44
286 369 85
343 533 47
930 671 19
268 985 69
709 632 94
933 38 45
582 482 79
208 97 70
667 637 7
964 254 36
399 361 41
786 797 57
560 177 75
423 657 77
232 12 14
911 320 46
622 959 7
724 180 42
673 873 43
231 441 57
759 542 18
673 813 79
641 116 76
166 845 59
514 884 56
972 406 34
964 314 89
706 625 5
867 521 28
68 144 33
98 110 56
58 10 21
427 219 32
809 188 56
763 847 77
720 272 62
17 976 22
652 979 34
794 700 27
147 62 74
529 773 63
671 613 25
596 118 98
73 694 7
215 914 77
6 776 96
217 796 92
53 367 30
214 950 1
873 140 63
727 114 62
36 817 61
699 543 71
785 208 63
860 731 27
146 354 96
181 978 75
153 799 61
874 649 42
905 876 89
400 551 52
126 929 83
231 269 55
961 593 42
874 621 62
619 502 89
389 537 50
36 710 9
739 957 21
743 569 65
432 764 37
307 918 45
139 803 36
138 568 18
572 126 17
456 744 69
380 934 79
674 989 51
821 627 69
275 719 75
132 525 9
256 443 97
2 641 64
521 594 49
761 985 59
127 563 38
383 764 2
821 904 99
781 137 54
24 44 40
448 408 13
766 953 9
458 942 62
320 22 31
394 236 87
453 704 66
532 846 60
182 712 65
839 878 55
650 437 27
182 913 16
716 75 88
849 334 38
908 305 46
647 699 66
144 195 29
117 756 92
284 143 10
681 980 14
531 100 61
457 639 27
65 765 66
335 238 14
356 260 92
243 22 51
876 189 20
786 435 51
645 729 20
521 619 80
320 367 62
808 308 32
506 37 71
761 813 38
102 96 93
242 116 65
481 198 14
246 482 76
437 499 35
377 191 99
373 527 11
385 560 4
82 769 59
483 655 76
406 226 57
74 221 77
424 148 61
993 995 88
952 322 79
386 590 1
648 162 10
838 619 68
297 4 54
626 252 57
761 242 49
652 820 79
131 327 51
789 729 12
576 946 63
296 259 3
23 377 64
827 63 14
596 22 2
142 612 7
532 134 44
812 837 24
125 803 80
712 761 26
381 613 36
490 2 77
812 291 31
273 941 59
796 343 0
895 823 97
46 839 91
269 321 70
335 185 79
395 393 19
682 773 93
738 465 6
807 146 22
953 735 24
315 752 86
510 630 92
123 757 12
140 517 88
132 506 42
509 833 82
497 532 8
38 540 89
101 259 4
210 599 11
846 942 13
745 103 74
701 582 25
413 840 1
708 156 61
100 54 84
937 833 94
132 615 38
534 407 80
330 392 1
716 827 15
859 318 24
631 737 9
746 952 5
911 766 93
121 696 78
167 67 11
887 998 99
308 844 63
708 329 76
668 776 22
140 438 42
63 437 9
290 616 31
105 151 81
274 104 87
950 129 6
44 41 70
489 282 96
202 511 86
925 445 12
337 955 69
220 351 71
399 594 52
643 917 22
61 192 3
32 995 79
608 603 87
547 129 33
584 380 77
859 960 87
343 498 51
520 613 73
618 737 57
720 627 79
14 767 25
208 739 71
268 139 60
455 68 95
674 505 62
942 486 93
191 538 10
508 473 70
943 24 52
683 860 82
645 72 69
979 149 67
710 765 71
798 320 69
985 357 25
778 471 36
904 310 79
747 559 32
580 461 69
360 599 77
676 446 80
680 534 75
342 286 91
664 212 98
935 849 14
871 51 82
961 799 38
286 297 87
765 520 29
641 964 91
417 110 90
502 36 85
155 173 80
224 150 88
363 500 67
839 556 26
560 543 4
557 522 8
121 76 9
495 422 50
399 866 71
746 845 54
882 924 14
699 373 87
454 742 85
188 453 86
564 64 1
292 365 9
509 770 79
244 957 90
10 36 33
431 487 48
382 149 5
607 855 69
858 909 82
954 536 93
702 112 35
437 344 97
826 865 28
432 873 88
682 438 64
529 490 27
961 440 20
713 768 10
30 706 79
372 243 12
62 616 99
235 243 94
640 633 6
715 952 33
909 587 28
94 146 61
987 55 93
953 686 54
941 110 73
629 244 22
988 240 35
735 576 70
644 115 61
839 125 61
992 650 54
113 853 5
476 341 67
630 576 58
247 993 23
12 677 72
93 143 97
799 38 91
936 60 31
103 706 25
513 8 10
258 897 69
799 474 69
690 331 48
140 23 58
781 462 71
325 58 0
246 798 88
514 921 33
729 559 72
538 619 96
444 640 94
418 827 22
758 353 5
274 326 94
23 472 39
104 892 12
169 859 1
630 388 3
660 612 59
240 420 19
694 799 28
182 322 32
144 842 9
994 599 70
56 410 55
195 304 0
177 96 61
191 711 14
524 825 58
228 931 98
261 468 41
20 683 51
236 781 48
653 807 58
941 749 1
444 549 88
757 961 58
74 279 72
991 766 7
778 36 97
142 312 32
421 304 97
947 109 11
179 665 90
358 546 15
474 555 92
741 740 75
657 954 31
328 990 70
583 359 65
279 259 31
25 886 28
890 643 94
834 493 36
272 610 47
385 424 75
717 161 0
222 681 76
80 774 11
283 713 21
708 32 34
725 708 31
553 999 91
859 529 50
895 284 71
616 977 14
811 462 71
11 474 14
237 932 1
865 45 92
128 645 68
295 232 30
608 625 9
692 936 61
265 684 78
516 929 34
788 950 95
817 45 81
803 144 58
573 828 23
942 408 34
569 925 63
680 149 8
6 854 20
944 536 58
757 422 13
916 58 22
898 326 4
810 149 48
962 484 61
256 831 78
715 970 37
731 394 0
748 219 28
355 620 23
561 574 89
647 65 22
603 324 11
73 331 43
140 744 92
356 618 80
956 919 59
574 428 59
635 510 4
3 666 89
318 211 15
37 864 36
439 7 33
529 323 15
231 30 68
111 31 67
934 4 66
28 646 92
890 357 67
106 102 57
989 342 62
655 703 35
762 127 45
317 903 46
739 686 8
109 394 84
744 239 78
488 943 7
675 892 45
98 133 49
902 391 88
936 620 99
439 54 25
815 197 69
265 459 7
799 694 91
177 791 57
437 68 35
863 571 81
81 255 90
652 378 60
132 361 21
554 306 2
612 458 36
506 932 26
252 690 12
899 985 13
419 261 63
392 109 27
655 203 74
461 912 40
921 4 46
864 609 97
980 970 77
150 674 0
58 412 88
428 26 93
0 954 5
353 90 97
87 139 62
173 365 44
150 637 59
42 726 24